Surah;Ayat;Terjemahan
2;3;002003(yaitu) mereka yang beriman kepada yang ghaib, yang mendirikan shalat, dan menafkahkan sebahagian rezeki yang Kami anugerahkan kepada mereka.
2;98;Barang siapa yang menjadi musuh Allah, malaikat-malaikat-Nya, rasul-rasul-Nya, Jibril dan Mikail, maka sesungguhnya Allah adalah musuh orang-orang kafir.
2;177;"Bukanlah menghadapkan wajahmu ke arah timur dan barat itu suatu kebajikan, akan tetapi sesungguhnya kebajikan itu ialah beriman kepada Allah, hari kemudian, malaikat-malaikat, kitab-kitab, nabi-nabi dan memberikan harta yang dicintainya kepada kerabatnya, anak-anak yatim, orang-orang miskin, musafir (yang memerlukan pertolongan) dan orang-orang yang meminta-minta dan (memerdekakan) hamba sahaya, mendirikan shalat, dan menunaikan zakat; dan orang-orang yang menepati janjinya apabila ia berjanji, dan orang-orang yang sabar dalam kesempitan, penderitaan dan dalam peperangan. Mereka itulah orang-orang yang benar (imannya); dan mereka itulah orang-orang yang bertakwa."
2;285;"Rasul telah beriman kepada Al Quran yang diturunkan kepadanya dari Tuhannya, demikian pula orang-orang yang beriman. Semuanya beriman kepada Allah, malaikat-malaikat-Nya, kitab-kitab-Nya dan rasul-rasul-Nya. (Mereka mengatakan) ""Kami tidak membeda-bedakan antara seseorangpun (dengan yang lain) dari rasul-rasul-Nya"", dan mereka mengatakan: ""Kami dengar dan kami taat"". (Mereka berdoa): ""Ampunilah kami ya Tuhan kami dan kepada Engkaulah tempat kembali""."
4;136;Wahai orang-orang yang beriman, tetaplah beriman kepada Allah dan Rasul-Nya dan kepada kitab yang Allah turunkan kepada Rasul-Nya serta kitab yang Allah turunkan sebelumnya. Barangsiapa yang kafir kepada Allah, malaikat-malaikat-Nya, kitab-kitab-Nya, rasul-rasul-Nya, dan hari kemudian, maka sesungguhnya orang itu telah sesat sejauh-jauhnya.
37;164;Tiada seorangpun di antara kami (malaikat) melainkan mempunyai kedudukan yang tertentu,
6;61;Dan Dialah yang mempunyai kekuasaan tertinggi di atas semua hamba-Nya, dan diutus-Nya kepadamu malaikat-malaikat penjaga, sehingga apabila datang kematian kepada salah seorang di antara kamu, ia diwafatkan oleh malaikat-malaikat Kami, dan malaikat-malaikat Kami itu tidak melalaikan kewajibannya.
11;70;"Maka tatkala dilihatnya tangan mereka tidak menjamahnya, Ibrahim memandang aneh perbuatan mereka, dan merasa takut kepada mereka. Malaikat itu berkata: ""Jangan kamu takut, sesungguhnya kami adalah (malaikat-ma]aikat) yang diutus kepada kaum Luth""."
13;13;Dan guruh itu bertasbih dengan memuji Allah, (demikian pula) para malaikat karena takut kepada-Nya, dan Allah melepaskan halilintar, lalu menimpakannya kepada siapa yang Dia kehendaki, dan mereka berbantah-bantahan tentang Allah, dan Dialah Tuhan Yang Maha keras siksa-Nya.
15;62;"ia berkata: ""Sesungguhnya kamu adalah orang-orang yang tidak dikenal""."
16;49;Dan kepada Allah sajalah bersujud segala apa yang berada di langit dan semua makhluk yang melata di bumi dan (juga) para malaikat, sedang mereka (malaikat) tidak menyombongkan diri.
16;50;Mereka takut kepada Tuhan mereka yang di atas mereka dan melaksanakan apa yang diperintahkan (kepada mereka).
21;26;"Dan mereka berkata: ""Tuhan Yang Maha Pemurah telah mengambil (mempunyai) anak"", Maha Suci Allah. Sebenarnya (malaikat-malaikat itu), adalah hamba-hamba yang dimuliakan,"
21;28;Allah mengetahui segala sesuatu yang dihadapan mereka (malaikat) dan yang di belakang mereka, dan mereka tiada memberi syafa´at melainkan kepada orang yang diridhai Allah, dan mereka itu selalu berhati-hati karena takut kepada-Nya.
35;1;Segala puji bagi Allah Pencipta langit dan bumi, Yang menjadikan malaikat sebagai utusan-utusan (untuk mengurus berbagai macam urusan) yang mempunyai sayap, masing-masing (ada yang) dua, tiga dan empat. Allah menambahkan pada ciptaan-Nya apa yang dikehendaki-Nya. Sesungguhnya Allah Maha Kuasa atas segala sesuatu.
37;1;Demi (rombongan) yang ber shaf-shaf dengan sebenar-benarnya,
37;165;dan sesungguhnya kami benar-benar bershaf-shaf (dalam menunaikan perintah Allah).
37;166;Dan sesungguhnya kami benar-benar bertasbih (kepada Allah).
42;5;Hampir saja langit itu pecah dari sebelah atas (karena kebesaran Tuhan) dan malaikat-malaikat bertasbih serta memuji Tuhan-nya dan memohonkan ampun bagi orang-orang yang ada di bumi. Ingatlah, bahwa sesungguhnya Allah Dialah Yang Maha Pengampun lagi Penyayang.
51;24;Sudahkah sampai kepadamu (Muhammad) cerita tentang tamu Ibrahim (yaitu malaikat-malaikat) yang dimuliakan?
80;16;yang mulia lagi berbakti.
81;19;sesungguhnya Al Quran itu benar-benar firman (Allah yang dibawa oleh) utusan yang mulia (Jibril),
82;11;yang mulia (di sisi Allah) dan mencatat (pekerjaan-pekerjaanmu itu),
11;73;Dan buatlah bahtera itu dengan pengawasan dan petunjuk wahyu Kami, dan janganlah kamu bicarakan dengan Aku tentang orang-orang yang zalim itu sesungguhnya mereka itu akan ditenggelamkan.
33;43;Dialah yang memberi rahmat kepadamu dan malaikat-Nya (memohonkan ampunan untukmu), supaya Dia mengeluarkan kamu dari kegelapan kepada cahaya (yang terang). Dan adalah Dia Maha Penyayang kepada orang-orang yang beriman.
33;56;Sesungguhnya Allah dan malaikat-malaikat-Nya bershalawat untuk Nabi. Hai orang-orang yang beriman, bershalawatlah kamu untuk Nabi dan ucapkanlah salam penghormatan kepadanya.
17;18;Barangsiapa menghendaki kehidupan sekarang (duniawi), maka Kami segerakan baginya di dunia itu apa yang kami kehendaki bagi orang yang kami kehendaki dan Kami tentukan baginya neraka jahannam ia akan memasukinya dalam keadaan tercela dan terusir.
3;124;"(Ingatlah), ketika kamu mengatakan kepada orang mukmin: ""Apakah tidak cukup bagi kamu Allah membantu kamu dengan tiga ribu malaikat yang diturunkan (dari langit)?"""
3;125;Ya (cukup), jika kamu bersabar dan bersiap-siaga, dan mereka datang menyerang kamu dengan seketika itu juga, niscaya Allah menolong kamu dengan lima ribu Malaikat yang memakai tanda.
8;9;"(Ingatlah), ketika kamu memohon pertolongan kepada Tuhanmu, lalu diperkenankan-Nya bagimu: ""Sesungguhnya Aku akan mendatangkan bala bantuan kepada kamu dengan seribu malaikat yang datang berturut-turut""."
8;10;Dan Allah tidak menjadikannya (mengirim bala bantuan itu), melainkan sebagai kabar gembira dan agar hatimu menjadi tenteram karenanya. Dan kemenangan itu hanyalah dari sisi Allah. Sesungguhnya Allah Maha Perkasa lagi Maha Bijaksana.
8;12;"(Ingatlah), ketika Tuhanmu mewahyukan kepada para malaikat: ""Sesungguhnya Aku bersama kamu, maka teguhkan (pendirian) orang-orang yang telah beriman"". Kelak akan Aku jatuhkan rasa ketakutan ke dalam hati orang-orang kafir, maka penggallah kepala mereka dan pancunglah tiap-tiap ujung jari mereka."
9;26;Kemudian Allah menurunkan ketenangan kepada Rasul-Nya dan kepada orang-orang yang beriman, dan Allah menurunkan bala tentara yang kamu tiada melihatnya, dan Allah menimpakan bencana kepada orang-orang yang kafir, dan demikianlah pembalasan kepada orang-orang yang kafir.
33;9;Hai orang-orang yang beriman, ingatlah akan nikmat Allah (yang telah dikurniakan) kepadamu ketika datang kepadamu tentara-tentara, lalu Kami kirimkan kepada mereka angin topan dan tentara yang tidak dapat kamu melihatnya. Dan adalah Allah Maha Melihat akan apa yang kamu kerjakan.
2;30;"Ingatlah ketika Tuhanmu berfirman kepada para Malaikat: ""Sesungguhnya Aku hendak menjadikan seorang khalifah di muka bumi"". Mereka berkata: ""Mengapa Engkau hendak menjadikan (khalifah) di bumi itu orang yang akan membuat kerusakan padanya dan menumpahkan darah, padahal kami senantiasa bertasbih dengan memuji Engkau dan mensucikan Engkau?"" Tuhan berfirman: ""Sesungguhnya Aku mengetahui apa yang tidak kamu ketahui""."
2;102;"Dan mereka mengikuti apa yang dibaca oleh syaitan-syaitan pada masa kerajaan Sulaiman (dan mereka mengatakan bahwa Sulaiman itu mengerjakan sihir), padahal Sulaiman tidak kafir (tidak mengerjakan sihir), hanya syaitan-syaitan lah yang kafir (mengerjakan sihir). Mereka mengajarkan sihir kepada manusia dan apa yang diturunkan kepada dua orang malaikat di negeri Babil yaitu Harut dan Marut, sedang keduanya tidak mengajarkan (sesuatu) kepada seorangpun sebelum mengatakan: ""Sesungguhnya kami hanya cobaan (bagimu), sebab itu janganlah kamu kafir"". Maka mereka mempelajari dari kedua malaikat itu apa yang dengan sihir itu, mereka dapat menceraikan antara seorang (suami) dengan isterinya. Dan mereka itu (ahli sihir) tidak memberi mudharat dengan sihirnya kepada seorangpun, kecuali dengan izin Allah. Dan mereka mempelajari sesuatu yang tidak memberi mudharat kepadanya dan tidak memberi manfaat. Demi, sesungguhnya mereka telah meyakini bahwa barangsiapa yang menukarnya (kitab Allah) dengan sihir itu, tiadalah baginya keuntungan di akhirat, dan amat jahatlah perbuatan mereka menjual dirinya dengan sihir, kalau mereka mengetahui."
2;248;"Dan Nabi mereka mengatakan kepada mereka: ""Sesungguhnya tanda ia akan menjadi raja, ialah kembalinya tabut kepadamu, di dalamnya terdapat ketenangan dari Tuhanmu dan sisa dari peninggalan keluarga Musa dan keluarga Harun tabut itu dibawa malaikat. Sesungguhnya pada yang demikian itu terdapat tanda bagimu, jika kamu orang yang beriman."
3;18;Allah menyatakan bahwasanya tidak ada Tuhan melainkan Dia (yang berhak disembah), Yang menegakkan keadilan. Para Malaikat dan orang-orang yang berilmu (juga menyatakan yang demikian itu). Tak ada Tuhan melainkan Dia (yang berhak disembah), Yang Maha Perkasa lagi Maha Bijaksana.
3;39;"Kemudian Malaikat (Jibril) memanggil Zakariya, sedang ia tengah berdiri melakukan shalat di mihrab (katanya): ""Sesungguhnya Allah menggembirakan kamu dengan kelahiran (seorang puteramu) Yahya, yang membenarkan kalimat (yang datang) dari Allah, menjadi ikutan, menahan diri (dari hawa nafsu) dan seorang Nabi termasuk keturunan orang-orang saleh""."
3;42;"Dan (ingatlah) ketika Malaikat (Jibril) berkata: ""Hai Maryam, sesungguhnya Allah telah memilih kamu, mensucikan kamu dan melebihkan kamu atas segala wanita di dunia (yang semasa dengan kamu)."
3;45;"(Ingatlah), ketika Malaikat berkata: ""Hai Maryam, seungguhnya Allah menggembirakan kamu (dengan kelahiran seorang putera yang diciptakan) dengan kalimat (yang datang) daripada-Nya, namanya Al Masih Isa putera Maryam, seorang terkemuka di dunia dan di akhirat dan termasuk orang-orang yang didekatkan (kepada Allah),"
4;97;"Sesungguhnya orang-orang yang diwafatkan malaikat dalam keadaan menganiaya diri sendiri, (kepada mereka) malaikat bertanya: ""Dalam keadaan bagaimana kamu ini?"". Mereka menjawab: ""Adalah kami orang-orang yang tertindas di negeri (Mekah)"". Para malaikat berkata: ""Bukankah bumi Allah itu luas, sehingga kamu dapat berhijrah di bumi itu?"". Orang-orang itu tempatnya neraka Jahannam, dan Jahannam itu seburuk-buruk tempat kembali,"
4;166;"(Mereka tidak mau mengakui yang diturunkan kepadamu itu), tetapi Allah mengakui Al Quran yang diturunkan-Nya kepadamu. Allah menurunkannya dengan ilmu-Nya; dan malaikat-malaikat pun menjadi saksi (pula). Cukuplah Allah yang mengakuinya."
6;93;"Dan siapakah yang lebih zalim daripada orang yang membuat kedustaan terhadap Allah atau yang berkata: ""Telah diwahyukan kepada saya"", padahal tidak ada diwahyukan sesuatupun kepadanya, dan orang yang berkata: ""Saya akan menurunkan seperti apa yang diturunkan Allah"". Alangkah dahsyatnya sekiranya kamu melihat di waktu orang-orang yang zalim berada dalam tekanan sakratul maut, sedang para malaikat memukul dengan tangannya, (sambil berkata): ""Keluarkanlah nyawamu"" Di hari ini kamu dibalas dengan siksa yang sangat menghinakan, karena kamu selalu mengatakan terhadap Allah (perkataan) yang tidak benar dan (karena) kamu selalu menyombongkan diri terhadap ayat-ayat-Nya."
6;158;"Yang mereka nanti-nanti tidak lain hanyalah kedatangan malaikat kepada mereka (untuk mencabut nyawa mereka) atau kedatangan (siksa) Tuhanmu atau kedatangan beberapa ayat Tuhanmu. Pada hari datangnya ayat dari Tuhanmu, tidaklah bermanfaat lagi iman seseorang kepada dirinya sendiri yang belum beriman sebelum itu, atau dia (belum) mengusahakan kebaikan dalam masa imannya. Katakanlah: ""Tunggulah olehmu sesungguhnya Kamipun menunggu (pula)""."
7;37;"Maka siapakah yang lebih zalim daripada orang yang membuat-buat dusta terhadap Allah atau mendustakan ayat-ayat-Nya? Orang-orang itu akan memperoleh bahagian yang telah ditentukan untuknya dalam Kitab (Lauh Mahfuzh); hingga bila datang kepada mereka utusan-utusan Kami (malaikat) untuk mengambil nyawanya, (di waktu itu) utusan Kami bertanya: ""Di mana (berhala-berhala) yang biasa kamu sembah selain Allah?"" Orang-orang musyrik itu menjawab: ""Berhala-berhala itu semuanya telah lenyap dari kami,"" dan mereka mengakui terhadap diri mereka bahwa mereka adalah orang-orang yang kafir."
7;43;"Dan Kami cabut segala macam dendam yang berada di dalam dada mereka; mengalir di bawah mereka sungai-sungai dan mereka berkata: ""Segala puji bagi Allah yang telah menunjuki kami kepada (surga) ini. Dan kami sekali-kali tidak akan mendapat petunjuk kalau Allah tidak memberi kami petunjuk. Sesungguhnya telah datang rasul-rasul Tuhan kami, membawa kebenaran"". Dan diserukan kepada mereka: ""ltulah surga yang diwariskan kepadamu, disebabkan apa yang dahulu kamu kerjakan""."
7;206;Sesungguhnya malaikat-malaikat yang ada di sisi Tuhanmu tidaklah merasa enggan menyembah Allah dan mereka mentasbihkan-Nya dan hanya kepada-Nya-lah mereka bersujud.
8;50;"Kalau kamu melihat ketika para malaikat mencabut jiwa orang-orang yang kafir seraya memukul muka dan belakang mereka (dan berkata): ""Rasakanlah olehmu siksa neraka yang membakar"", (tentulah kamu akan merasa ngeri)."
9;40;"Jikalau kamu tidak menolongnya (Muhammad) maka sesungguhnya Allah telah menolongnya (yaitu) ketika orang-orang kafir (musyrikin Mekah) mengeluarkannya (dari Mekah) sedang dia salah seorang dari dua orang ketika keduanya berada dalam gua, di waktu dia berkata kepada temannya: ""Janganlah kamu berduka cita, sesungguhnya Allah beserta kita"". Maka Allah menurunkan keterangan-Nya kepada (Muhammad) dan membantunya dengan tentara yang kamu tidak melihatnya, dan Al-Quran menjadikan orang-orang kafir itulah yang rendah. Dan kalimat Allah itulah yang tinggi. Allah Maha Perkasa lagi Maha Bijaksana."
10;21;"Dan apabila Kami merasakan kepada manusia suatu rahmat, sesudah (datangnya) bahaya menimpa mereka, tiba-tiba mereka mempunyai tipu daya dalam (menentang) tanda-tanda kekuasaan Kami. Katakanlah: ""Allah lebih cepat pembalasannya (atas tipu daya itu)"". Sesungguhnya malaikat-malaikat Kami menuliskan tipu dayamu."
11;69;"Dan sesungguhnya utusan-utusan Kami (malaikat-malaikat) telah datang kepada lbrahim dengan membawa kabar gembira, mereka mengucapkan: ""Selamat"". Ibrahim menjawab: ""Selamatlah,"" maka tidak lama kemudian Ibrahim menyuguhkan daging anak sapi yang dipanggang."
11;77;"Dan tatkala datang utusan-utusan Kami (para malaikat) itu kepada Luth, dia merasa susah dan merasa sempit dadanya karena kedatangan mereka, dan dia berkata: ""Ini adalah hari yang amat sulit""."
11;81;"Para utusan (malaikat) berkata: ""Hai Luth, sesungguhnya kami adalah utusan-utusan Tuhanmu, sekali-kali mereka tidak akan dapat mengganggu kamu, sebab itu pergilah dengan membawa keluarga dan pengikut-pengikut kamu di akhir malam dan janganlah ada seorangpun di antara kamu yang tertinggal, kecuali isterimu. Sesungguhnya dia akan ditimpa azab yang menimpa mereka karena sesungguhnya saat jatuhnya azab kepada mereka ialah di waktu subuh; bukankah subuh itu sudah dekat?""."
13;11;"Bagi manusia ada malaikat-malaikat yang selalu mengikutinya bergiliran, di muka dan di belakangnya, mereka menjaganya atas perintah Allah. Sesungguhnya Allah tidak merubah keadaan sesuatu kaum sehingga mereka merubah keadaan yang ada pada diri mereka sendiri. Dan apabila Allah menghendaki keburukan terhadap sesuatu kaum, maka tak ada yang dapat menolaknya; dan sekali-kali tak ada pelindung bagi mereka selain Dia."
13;23;"(yaitu) surga ´Adn yang mereka masuk ke dalamnya bersama-sama dengan orang-orang yang saleh dari bapak-bapaknya, isteri-isterinya dan anak cucunya, sedang malaikat-malaikat masuk ke tempat-tempat mereka dari semua pintu;"
13;24;"(sambil mengucapkan): ""Salamun ´alaikum bima shabartum"". Maka alangkah baiknya tempat kesudahan itu."
15;8;Kami tidak menurunkan malaikat melainkan dengan benar (untuk membawa azab) dan tiadalah mereka ketika itu diberi tangguh.
15;46;"(Dikatakan kepada mereka): ""Masuklah ke dalamnya dengan sejahtera lagi aman"""
15;52;"Ketika mereka masuk ke tempatnya, lalu mereka mengucapkan: ""Salaam"". Berkata Ibrahim: ""Sesungguhnya kami merasa takut kepadamu""."
15;53;"Mereka berkata: ""Janganlah kamu merasa takut, sesungguhnya kami memberi kabar gembira kepadamu dengan (kelahiran seorang) anak laki-laki (yang akan menjadi) orang yang alim""."
15;54;"Berkata Ibrahim: ""Apakah kamu memberi kabar gembira kepadaku padahal usiaku telah lanjut, maka dengan cara bagaimanakah (terlaksananya) berita gembira yang kamu kabarkan ini?"""
15;55;"Mereka menjawab: ""Kami menyampaikan kabar gembira kepadamu dengan benar, maka janganlah kamu termasuk orang-orang yang berputus asa""."
15;57;"Berkata (pula) Ibrahim: ""Apakah urusanmu yang penting (selain itu), hai para utusan?"""
15;58;"Mereka menjawab: ""Kami sesungguhnya diutus kepada kaum yang berdosa,"
15;61;Maka tatkala para utusan itu datang kepada kaum Luth, beserta pengikut pengikutnya,
15;63;"Para utusan menjawab: ""Sebenarnya kami ini datang kepadamu dengan membawa azab yang selalu mereka dustakan."
15;64;Dan kami datang kepadamu membawa kebenaran dan sesungguhnya kami betul-betul orang-orang benar.
15;65;"Maka pergilah kamu di akhir malam dengan membawa keluargamu, dan ikutlah mereka dari belakang dan janganlah seorangpun di antara kamu menoleh kebelakang dan teruskanlah perjalanan ke tempat yang di perintahkan kepadamu""."
15;73;Maka mereka dibinasakan oleh suara keras yang mengguntur, ketika matahari akan terbit.
15;74;Maka Kami jadikan bahagian atas kota itu terbalik ke bawah dan Kami hujani mereka dengan batu dari tanah yang keras.
16;2;"Dia menurunkan para malaikat dengan (membawa) wahyu dengan perintah-Nya kepada siapa yang Dia kehendaki di antara hamba-hamba-Nya, yaitu: ""Peringatkanlah olehmu sekalian, bahwasanya tidak ada Tuhan (yang hak) melainkan Aku, maka hendaklah kamu bertakwa kepada-Ku""."
16;28;"(yaitu) orang-orang yang dimatikan oleh para malaikat dalam keadaan berbuat zalim kepada diri mereka sendiri, lalu mereka menyerah diri (sambil berkata); ""Kami sekali-kali tidak ada mengerjakan sesuatu kejahatanpun"". (Malaikat menjawab): ""Ada, sesungguhnya Allah Maha Mengetahui apa yang telah kamu kerjakan""."
16;32;"(yaitu) orang-orang yang diwafatkan dalam keadaan baik oleh para malaikat dengan mengatakan (kepada mereka): ""Salaamun´alaikum, masuklah kamu ke dalam surga itu disebabkan apa yang telah kamu kerjakan""."
16;33;Tidak ada yang ditunggu-tunggu orang kafir selain dari datangnya para malaikat kepada mereka atau datangnya perintah Tuhanmu. Demikianlah yang telah diperbuat oleh orang-orang (kafir) sebelum mereka. Dan Allah tidak menganiaya mereka, akan tetapi merekalah yang selalu menganiaya diri mereka sendiri,
16;49;Dan kepada Allah sajalah bersujud segala apa yang berada di langit dan semua makhluk yang melata di bumi dan (juga) para ma]aikat, sedang mereka (malaikat) tidak menyombongkan diri.
19;17;maka ia mengadakan tabir (yang melindunginya) dari mereka lalu Kami mengutus roh Kami kepadanya, maka ia menjelma di hadapannya (dalam bentuk) manusia yang sempurna.
19;19;"Ia (jibril) berkata: ""Sesungguhnya aku ini hanyalah seorang utusan Tuhanmu, untuk memberimu seorang anak laki-laki yang suci""."
19;64;Dan tidaklah kami (Jibril) turun, kecuali dengan perintah Tuhanmu. Kepunyaan-Nya-lah apa-apa yang ada di hadapan kita, apa-apa yang ada di belakang kita dan apa-apa yang ada di antara keduanya, dan tidaklah Tuhanmu lupa.
21;19;Dan kepunyaan-Nya-lah segala yang di langit dan di bumi. Dan malaikat-malaikat yang di sisi-Nya, mereka tiada mempunyai rasa angkuh untuk menyembah-Nya dan tiada (pula) merasa letih.
21;20;Mereka selalu bertasbih malam dan siang tiada henti-hentinya.
21;27;mereka itu tidak mendahului-Nya dengan perkataan dan mereka mengerjakan perintah-perintah-Nya.
21;103;"Mereka tidak disusahkan oleh kedahsyatan yang besar (pada hari kiamat), dan mereka disambut oleh para malaikat. (Malaikat berkata): ""Inilah harimu yang telah dijanjikan kepadamu""."
22;75;Allah memilih utusan-utusan-(Nya) dari malaikat dan dari manusia sesungguhnya Allah Maha Mendengar lagi Maha Melihat.
25;25;Dan (ingatlah) hari (ketika) langit pecah belah mengeluarkan kabut putih dan diturunkanlah malaikat bergelombang-gelombang.
25;75;Mereka itulah orang yang dibalasi dengan martabat yang tinggi (dalam surga) karena kesabaran mereka dan mereka disambut dengan penghormatan dan ucapan selamat di dalamnya,
29;31;"Dan tatkala utusan Kami (para malaikat) datang kepada Ibrahim membawa kabar gembira, mereka mengatakan: ""Sesungguhnya kami akan menghancurkan penduduk negeri (Sodom) ini; sesungguhnya penduduknya adalah orang-orang yang zalim""."
29;32;"Berkata Ibrahim: ""Sesungguhnya di kota itu ada Luth"". Para malaikat berkata: ""Kami lebih mengetahui siapa yang ada di kota itu. Kami sungguh-sungguh akan menyelamatkan dia dan pengikut-pengikutnya kecuali isterinya. Dia adalah termasuk orang-orang yang tertinggal (dibinasakan)."
29;33;"Dan tatkala datang utusan-utusan Kami (para malaikat) itu kepada Luth, dia merasa susah karena (kedatangan) mereka, dan (merasa) tidak punya kekuatan untuk melindungi mereka dan mereka berkata: ""Janganlah kamu takut dan jangan (pula) susah. Sesungguhnya kami akan menyelamatkan kamu dan pengikut-pengikutmu, kecuali isterimu, dia adalah termasuk orang-orang yang tertinggal (dibinasakan)""."
32;11;"Katakanlah: ""Malaikat maut yang diserahi untuk (mencabut nyawa)mu akan mematikanmu, kemudian hanya kepada Tuhanmulah kamu akan dikembalikan""."
37;1;Demi (rombongan) yang ber shaf-shaf dengan sebenar-benarnya
37;2;dan demi (rombongan) yang melarang dengan sebenar-benarnya (dari perbuatan-perbuatan maksiat),
37;3;dan demi (rombongan) yang membacakan pelajaran,
39;75;"Dan kamu (Muhammad) akan melihat malaikat-mmlaikat berlingkar di sekeliling ´Arsy bertasbih sambil memuji Tuhannya; dan diberi putusan di antara hamba-hamba Allah dengan adil dan diucapkan: ""Segala puji bagi Allah, Tuhan semesta alam""."
40;7;"(Malaikat-malaikat) yang memikul ´Arsy dan malaikat yang berada di sekelilingnya bertasbih memuji Tuhannya dan mereka beriman kepada-Nya serta memintakan ampun bagi orang-orang yang beriman (seraya mengucapkan): ""Ya Tuhan kami, rahmat dan ilmu Engkau meliputi segala sesuatu, maka berilah ampunan kepada orang-orang yang bertaubat dan mengikuti jalan Engkau dan peliharalah mereka dari siksaan neraka yang menyala-nyala,"
41;30;"Sesungguhnya orang-orang yang mengatakan: ""Tuhan kami ialah Allah"" kemudian mereka meneguhkan pendirian mereka, maka malaikat akan turun kepada mereka dengan mengatakan: ""Janganlah kamu takut dan janganlah merasa sedih; dan gembirakanlah mereka dengan jannah yang telah dijanjikan Allah kepadamu""."
41;31;"Kamilah pelindung-pelindungmu dalam kehidupan dunia dan akhirat; di dalamnya kamu memperoleh apa yang kamu inginkan dan memperoleh (pula) di dalamnya apa yang kamu minta."
41;38;Jika mereka menyombongkan diri, maka mereka (malaikat) yang di sisi Tuhanmu bertasbih kepada-Nya di malam dan siang hari, sedang mereka tidak jemu-jemu.
42;51;Dan tidak mungkin bagi seorang manusiapun bahwa Allah berkata-kata dengan dia kecuali dengan perantaraan wahyu atau dibelakang tabir atau dengan mengutus seorang utusan (malaikat) lalu diwahyukan kepadanya dengan seizin-Nya apa yang Dia kehendaki. Sesungguhnya Dia Maha Tinggi lagi Maha Bijaksana.
43;19;Dan mereka menjadikan malaikat-malaikat yang mereka itu adalah hamba-hamba Allah Yang Maha Pemurah sebagai orang-orang perempuan. Apakah mereka menyaksikan penciptaan malaika-malaikat itu? Kelak akan dituliskan persaksian mereka dan mereka akan dimintai pertanggung-jawaban.
43;80;Apakah mereka mengira, bahwa Kami tidak mendengar rahasia dan bisikan-bisikan mereka? Sebenarnya (Kami mendengar), dan utusan-utusan (malaikat-malaikat) Kami selalu mencatat di sisi mereka.
44;47;Peganglah dia kemudian seretlah dia ke tengah-tengah neraka.
44;48;Kemudian tuangkanlah di atas kepalanya siksaan (dari) air yang amat panas.
47;27;Bagaimanakah (keadaan mereka) apabila malaikat mencabut nyawa mereka seraya memukul-mukul muka mereka dan punggung mereka?
50;16;Dan sesungguhnya Kami telah menciptakan manusia dan mengetahui apa yang dibisikkan oleh hatinya, dan Kami lebih dekat kepadanya daripada urat lehernya,
50;17;(yaitu) ketika dua orang malaikat mencatat amal perbuatannya, seorang duduk di sebelah kanan dan yang lain duduk di sebelah kiri.
50;18;Tiada suatu ucapanpun yang diucapkannya melainkan ada di dekatnya malaikat pengawas yang selalu hadir.
50;21;Dan datanglah tiap-tiap diri, bersama dengan dia seorang malaikat penggiring dan seorang malaikat penyaksi.
50;23;"Dan yang menyertai dia berkata: ""Inilah (catatan amalnya) yang tersedia pada sisiku""."
50;24;"Allah berfirman: ""Lemparkanlah olehmu berdua ke dalam neraka semua orang yang sangat ingkar dan keras kepala,"
50;41;Dan dengarkanlah (seruan) pada hari penyeru (malaikat) menyeru dari tempat yang dekat.
51;4;dan (malaikat-malaikat) yang membagi-bagi urusan,
51;28;"(Tetapi mereka tidak mau makan), karena itu Ibrahim merasa takut terhadap mereka. Mereka berkata: ""Janganlah kamu takut"", dan mereka memberi kabar gembira kepadanya dengan (kelahiran) seorang anak yang alim (Ishak)."
51;31;"Ibrahim bertanya: ""Apakah urusanmu hai para utusan?"""
51;32;"Mereka menjawab: ""Sesungguhnya kami diutus kepada kaum yang berdosa (kaum Luth),"
51;33;agar kami timpakan kepada mereka batu-batu dari tanah,
54;6;Maka berpalinglah kamu dari mereka. (Ingatlah) hari (ketika) seorang penyeru (malaikat) menyeru kepada sesuatu yang tidak menyenangkan (hari pembalasan),
54;53;Dan segala (urusan) yang kecil maupun yang besar adalah tertulis.
66;4;"Jika kamu berdua bertaubat kepada Allah, maka sesungguhnya hati kamu berdua telah condong (untuk menerima kebaikan)dan jika kamu berdua bantu-membantu menyusahkan Nabi, maka sesungguhnya Allah adalah Pelindungnya dan (begitu pula) Jibril dan orang-orang mukmin yang baik; dan selain dari itu malaikat-malaikat adalah penolongnya pula."
66;6;"Hai orang-orang yang beriman, peliharalah dirimu dan keluargamu dari api neraka yang bahan bakarnya adalah manusia dan batu; penjaganya malaikat-malaikat yang kasar, keras, dan tidak mendurhakai Allah terhadap apa yang diperintahkan-Nya kepada mereka dan selalu mengerjakan apa yang diperintahkan."
69;17;Dan malaikat-malaikat berada di penjuru-penjuru langit. Dan pada hari itu delapan orang malaikat menjunjung ´Arsy Tuhanmu di atas (kepala) mereka.
72;27;Kecuali kepada rasul yang diridhai-Nya, maka sesungguhnya Dia mengadakan penjaga-penjaga (malaikat) di muka dan di belakangnya.
74;30;Dan di atasnya ada sembilan belas (malaikat penjaga).
74;31;"Dan tiada Kami jadikan penjaga neraka itu melainkan dari malaikat: dan tidaklah Kami menjadikan bilangan mereka itu melainkan untuk jadi cobaan bagi orang-orang kafir, supaya orang-orang yang diberi Al-Kitab menjadi yakin dan supaya orang yang beriman bertambah imannya dan supaya orang-orang yang diberi Al Kitab dan orng-orang mukmin itu tidak ragu-ragu dan supaya orang-orang yang di dalam hatinya ada penyakit dan orang-orang kafir (mengatakan): ""Apakah yang dikehendaki Allah dengan bilangan ini sebagai suatu perumpamaan?"" Demikianlah Allah membiarkan sesat orang-orang yang dikehendaki-Nya dan memberi petunjuk kepada siapa yang dikehendaki-Nya. Dan tidak ada yang mengetahui tentara Tuhanmu melainkan Dia sendiri. Dan Saqar itu tiada lain hanyalah peringatan bagi manusia."
77;1;Demi malaikat-malaikat yang diutus untuk membawa kebaikan,
77;2;dan (malaikat-malaikat) yang terbang dengan kencangnya,
77;3;dan (malaikat-malaikat) yang menyebarkan (rahmat Tuhannya) dengan seluas-luasnya,
77;4;dan (malaikat-malaikat) yang membedakan (antara yang hak dan yang bathil) dengan sejelas-jelasnya,
77;5;dan (malaikat-malaikat) yang menyampaikan wahyu,
77;6;untuk menolak alasan-alasan atau memberi peringatan,
78;38;"Pada hari, ketika ruh dan para malaikat berdiri bershaf-shaf, mereka tidak berkata-kata, kecuali siapa yang telah diberi izin kepadanya oleh Tuhan Yang Maha Pemurah; dan ia mengucapkan kata yang benar."
79;1;Demi (malaikat-malaikat) yang mencabut (nyawa) dengan keras,
79;2;dan (malaikat-malaikat) yang mencabut (nyawa) dengan lemah-lembut,
79;3;dan (malaikat-malaikat) yang turun dari langit dengan cepat,
79;4;dan (malaikat-malaikat) yang mendahului dengan kencang,
79;5;dan (malaikat-malaikat) yang mengatur urusan (dunia).
80;15;di tangan para penulis (malaikat),
82;10;Padahal sesungguhnya bagi kamu ada (malaikat-malaikat) yang mengawasi (pekerjaanmu),
82;12;mereka mengetahui apa yang kamu kerjakan.
83;21;yang disaksikan oleh malaikat-malaikat yang didekatkan (kepada Allah).
86;4;tidak ada suatu jiwapun (diri) melainkan ada penjaganya.
96;18;kelak Kami akan memanggil malaikat Zabaniyah,
97;4;Pada malam itu turun malaikat-malaikat dan malaikat Jibril dengan izin Tuhannya untuk mengatur segala urusan.
